125
19381
57930
7480
26604
53386
61359
76207
41954
56079
73702
21365
74453
3732
39836
68432
94563
23017
35107
83583
14910
8467
48116
71546
51719
25528
48071
80107
78256
58520
22353
76528
88154
56430
73477
95048
46520
31204
83414
80810
35719
47925
58298
32131
11701
26709
30751
5022
12817
48652
73924
34695
60471
61153
4625
30978
55616
1142
46597
57088
41732
31917
44404
92743
80395
42749
54407
55936
74302
83767
66045
51563
30340
33398
44896
13051
87807
51767
4997
78978
80650
27809
62330
92360
30716
65161
52293
63209
23753
46098
65130
79634
34543
71889
74088
79031
692
20401
68674
72294
15693
91165
71949
38765
57737
82458
841
17048
65943
36229
90215
67389
7209
10388
59754
80243
13501
62271
76516
77564
50277
86912
10005
20611
67212
72782
