5
121 40 13 4 1
548
692
841
1142
3732
4625
4997
5022
7209
7480
8467
10005
10388
11701
12817
13051
13501
14910
15693
17048
19381
20401
20611
21365
22353
23017
23753
25528
26604
26709
27809
30340
30716
30751
30978
31204
31917
32131
33398
34543
34695
35107
35719
36229
38765
39836
41732
41954
42749
44404
44896
46098
46520
46597
47925
48071
48116
48652
50277
51563
51719
51767
52293
53386
54407
55616
55936
56079
56430
57088
57737
57930
58298
58520
59754
60471
61153
61359
62271
62330
63209
65130
65161
65943
66045
67212
67389
68432
68674
71546
71889
71949
72294
72782
73477
73702
73924
74088
74302
74453
76207
76516
76528
77564
78256
78978
79031
79634
80107
80243
80395
80650
80810
82458
83414
83583
83767
86912
87807
88154
90215
91165
92360
92743
94563
95048
